0 0.74831 0.058944 -0.66072 0 0.65892 0.048865 0.75062 0 0.076531 -0.99706 -0.0022721 0 8058.9 -897.14 2208.2 1
1 0.74802 0.059193 -0.66103 0 0.65917 0.049614 0.75036 0 0.077212 -0.99701 -0.0019061 0 8058.9 -897 2207.7 1
2 0.7479 0.059127 -0.66117 0 0.65924 0.05048 0.75024 0 0.077736 -0.99697 -0.0012254 0 8059.9 -897.2 2208.4 1
3 0.74739 0.059441 -0.66172 0 0.65976 0.050876 0.74975 0 0.078232 -0.99693 -0.0011929 0 8060.3 -896.58 2209.4 1
4 0.74717 0.059942 -0.66192 0 0.65984 0.052518 0.74957 0 0.079694 -0.99682 -0.00031151 0 8060.6 -897.52 2209.2 1
5 0.74689 0.059965 -0.66224 0 0.66011 0.053153 0.74929 0 0.080131 -0.99678 0.00011628 0 8061 -898.06 2209.4 1
6 0.74699 0.060118 -0.66211 0 0.65993 0.053716 0.7494 0 0.080619 -0.99675 0.00045073 0 8060.6 -899.21 2208.9 1
7 0.74745 0.059805 -0.66162 0 0.65946 0.05342 0.74984 0 0.080188 -0.99678 0.00048968 0 8060.6 -899.52 2208.3 1
8 0.74757 0.060257 -0.66144 0 0.65932 0.052927 0.74999 0 0.080201 -0.99678 -0.00016319 0 8060.1 -899 2208.3 1
9 0.74727 0.061435 -0.66167 0 0.65957 0.052678 0.74979 0 0.080919 -0.99672 -0.0011555 0 8060.4 -898.31 2209.4 1
10 0.74718 0.062323 -0.6617 0 0.65961 0.052594 0.74977 0 0.081529 -0.99667 -0.0018109 0 8059.7 -897.75 2209.7 1
11 0.74782 0.061783 -0.66103 0 0.65897 0.05215 0.75036 0 0.080832 -0.99673 -0.0017145 0 8059.9 -897.91 2209.4 1
12 0.74829 0.061324 -0.66053 0 0.65849 0.051833 0.7508 0 0.080279 -0.99677 -0.0015949 0 8059 -898.55 2208.2 1
13 0.7483 0.060763 -0.66057 0 0.65853 0.051861 0.75077 0 0.079877 -0.9968 -0.0012061 0 8058.1 -899.01 2207.9 1
14 0.74887 0.059479 -0.66004 0 0.65798 0.052103 0.75123 0 0.079072 -0.99687 -0.00011865 0 8057.9 -898.33 2207.7 1
15 0.74883 0.058191 -0.6602 0 0.65812 0.052299 0.75109 0 0.078234 -0.99693 0.00086601 0 8058 -897.68 2207.4 1
16 0.74847 0.057641 -0.66065 0 0.65854 0.052799 0.75069 0 0.078153 -0.99694 0.0015601 0 8059.1 -897.5 2208.1 1
17 0.74809 0.057597 -0.6611 0 0.65895 0.053219 0.7503 0 0.078398 -0.99692 0.0018586 0 8060.3 -897.66 2207.9 1
18 0.74735 0.058636 -0.66183 0 0.65974 0.052566 0.74965 0 0.078747 -0.99689 0.0006 0 8059.8 -897.48 2208.2 1
19 0.7476 0.058232 -0.66159 0 0.65946 0.052989 0.74987 0 0.078723 -0.9969 0.0012131 0 8059.5 -897.96 2207.5 1
20 0.74776 0.057395 -0.66148 0 0.65941 0.052308 0.74996 0 0.077645 -0.99698 0.0012673 0 8059.6 -897.79 2206.9 1
21 0.74729 0.05778 -0.66198 0 0.65994 0.051956 0.74952 0 0.077701 -0.99698 0.00069533 0 8058.2 -897.35 2207.9 1
22 0.74727 0.057969 -0.66199 0 0.65988 0.052865 0.74951 0 0.078444 -0.99692 0.0012509 0 8058.6 -896.92 2208.8 1
23 0.74737 0.05837 -0.66184 0 0.65969 0.05333 0.74964 0 0.079053 -0.99687 0.001351 0 8058.8 -897.12 2209.4 1
24 0.74731 0.058699 -0.66188 0 0.65975 0.053128 0.74961 0 0.079167 -0.99686 0.00097653 0 8058.3 -896.91 2209.9 1
25 0.7473 0.05859 -0.6619 0 0.65978 0.052926 0.74959 0 0.07895 -0.99688 0.00089513 0 8057.4 -896.68 2209.9 1
26 0.7476 0.058158 -0.6616 0 0.65946 0.053141 0.74986 0 0.078769 -0.99689 0.0013744 0 8056.8 -896.59 2209.6 1
27 0.74836 0.058174 -0.66073 0 0.65856 0.053593 0.75062 0 0.079077 -0.99687 0.0017967 0 8056.5 -896.64 2209.6 1
28 0.74835 0.058687 -0.6607 0 0.65853 0.05356 0.75065 0 0.07944 -0.99684 0.0014345 0 8056.9 -896.6 2209.6 1
29 0.74816 0.059795 -0.66082 0 0.65868 0.053115 0.75054 0 0.079978 -0.9968 0.00035356 0 8055.5 -896.88 2209.3 1
30 0.74863 0.059973 -0.66027 0 0.65815 0.05295 0.75102 0 0.080002 -0.99679 0.00016845 0 8055 -897.35 2209.2 1
31 0.74867 0.059893 -0.66023 0 0.65819 0.051895 0.75106 0 0.079246 -0.99685 -0.00056935 0 8053.6 -897.09 2209.2 1
32 0.74858 0.059635 -0.66035 0 0.65841 0.050619 0.75095 0 0.078209 -0.99694 -0.0013716 0 8053.3 -896.76 2209.1 1
33 0.7479 0.059379 -0.66115 0 0.65935 0.04885 0.75025 0 0.076846 -0.99704 -0.0026171 0 8052.1 -896.63 2208.5 1
34 0.74703 0.059468 -0.66213 0 0.66043 0.047545 0.74938 0 0.076045 -0.9971 -0.0037564 0 8051.2 -896.83 2207 1
35 0.74585 0.06103 -0.66331 0 0.66166 0.047037 0.74833 0 0.07687 -0.99703 -0.0052996 0 8050.2 -896.59 2205.2 1
36 0.74481 0.062761 -0.66432 0 0.66277 0.045881 0.74741 0 0.077389 -0.99697 -0.0074238 0 8048.9 -896.22 2202.7 1
37 0.74409 0.064391 -0.66497 0 0.66351 0.045018 0.74681 0 0.078023 -0.99691 -0.009227 0 8047.3 -896.2 2201.3 1
38 0.74413 0.064698 -0.6649 0 0.66353 0.043836 0.74686 0 0.077467 -0.99694 -0.01031 0 8045.5 -895.77 2199.6 1
39 0.74383 0.063879 -0.6653 0 0.66399 0.043017 0.7465 0 0.076305 -0.99703 -0.010418 0 8043 -895.7 2197.2 1
40 0.74322 0.062874 -0.66608 0 0.66464 0.044709 0.74583 0 0.076674 -0.99702 -0.0085595 0 8039.8 -896.62 2193.9 1
41 0.74267 0.062733 -0.66671 0 0.66519 0.045671 0.74528 0 0.077203 -0.99698 -0.0078114 0 8039.2 -896.53 2193.6 1
42 0.74151 0.06325 -0.66795 0 0.66628 0.047696 0.74418 0 0.078928 -0.99686 -0.0067745 0 8037 -897.03 2191.4 1
43 0.74043 0.064036 -0.66907 0 0.66739 0.048018 0.74316 0 0.079717 -0.99679 -0.0071823 0 8034 -897.01 2189 1
44 0.7398 0.065279 -0.66965 0 0.66799 0.047813 0.74263 0 0.080497 -0.99672 -0.0082332 0 8031.1 -896.82 2186.7 1
45 0.7397 0.06755 -0.66954 0 0.66797 0.047053 0.7427 0 0.081673 -0.99661 -0.010317 0 8028 -896.74 2183.9 1
46 0.73864 0.070581 -0.67039 0 0.66893 0.046191 0.74189 0 0.083329 -0.99644 -0.013095 0 8025.2 -896.75 2180.4 1
47 0.7378 0.072969 -0.67107 0 0.66971 0.045386 0.74124 0 0.084544 -0.9963 -0.015382 0 8022.3 -897.78 2176.8 1
48 0.7373 0.074352 -0.67147 0 0.67012 0.045495 0.74086 0 0.085633 -0.99619 -0.016282 0 8017.2 -897.78 2173.5 1
49 0.73814 0.073317 -0.67065 0 0.66916 0.046969 0.74163 0 0.085875 -0.9962 -0.014392 0 8013 -897.57 2170 1
50 0.73841 0.072077 -0.67049 0 0.66884 0.048646 0.74181 0 0.086085 -0.99621 -0.012287 0 8008.2 -897.85 2168.4 1
51 0.73909 0.069793 -0.66998 0 0.66815 0.050462 0.74232 0 0.085617 -0.99628 -0.0093349 0 8004.4 -898.85 2166.5 1
52 0.74004 0.066392 -0.66927 0 0.6674 0.0505 0.74298 0 0.083126 -0.99651 -0.006938 0 8001.5 -899.56 2165.2 1
53 0.74055 0.064441 -0.66891 0 0.66701 0.050652 0.74332 0 0.081782 -0.99663 -0.0054728 0 7997.8 -899.42 2163.8 1
54 0.74062 0.063806 -0.66889 0 0.66696 0.050982 0.74335 0 0.081532 -0.99666 -0.004798 0 7993.8 -899.19 2162.9 1
55 0.73965 0.06511 -0.66983 0 0.66788 0.051318 0.74249 0 0.082718 -0.99656 -0.0055286 0 7991.1 -898.88 2163.2 1
56 0.73884 0.066785 -0.67057 0 0.6686 0.051715 0.74182 0 0.084221 -0.99643 -0.0064447 0 7986.9 -899.12 2164.5 1
57 0.73887 0.066761 -0.67053 0 0.66856 0.051801 0.74185 0 0.084261 -0.99642 -0.0063583 0 7983 -899.46 2166.4 1
58 0.7408 0.065282 -0.66854 0 0.66646 0.052902 0.74366 0 0.083915 -0.99646 -0.0043182 0 7978.1 -899.83 2169.1 1
59 0.74282 0.06245 -0.66657 0 0.66425 0.0556 0.74544 0 0.083614 -0.9965 -0.00018155 0 7973.1 -900.74 2172.3 1
60 0.74709 0.058097 -0.66218 0 0.65954 0.059339 0.74932 0 0.082826 -0.99655 0.0060143 0 7969 -900.37 2176.4 1
61 0.75294 0.05285 -0.65597 0 0.65287 0.065263 0.75465 0 0.082693 -0.99647 0.014635 0 7961.6 -901.94 2180.2 1
62 0.75783 0.050234 -0.65052 0 0.64698 0.071021 0.75919 0 0.084338 -0.99621 0.021321 0 7955.6 -903.02 2184.3 1
63 0.76291 0.049232 -0.64463 0 0.64067 0.076144 0.76403 0 0.086699 -0.99588 0.02655 0 7951.8 -903.92 2188.2 1
64 0.76781 0.052338 -0.63854 0 0.6341 0.080437 0.76906 0 0.091613 -0.99539 0.028573 0 7943.5 -905.2 2191.9 1
65 0.77274 0.05557 -0.63229 0 0.62757 0.082314 0.7742 0 0.095069 -0.99506 0.028733 0 7935.8 -905.78 2196.7 1
66 0.77832 0.061464 -0.62485 0 0.61971 0.084671 0.78025 0 0.10086 -0.99451 0.027811 0 7926 -906.68 2202.8 1
67 0.78254 0.066502 -0.61904 0 0.61349 0.087192 0.78488 0 0.10617 -0.99397 0.027433 0 7916 -908.3 2208.6 1
68 0.78569 0.071606 -0.61446 0 0.60867 0.087936 0.78853 0 0.1105 -0.99355 0.025506 0 7906.2 -909.12 2215.5 1
69 0.78873 0.075603 -0.61007 0 0.60411 0.08849 0.79198 0 0.11386 -0.9932 0.024123 0 7898.3 -910.95 2224 1
70 0.78943 0.080428 -0.60855 0 0.60249 0.088227 0.79323 0 0.11749 -0.99285 0.021192 0 7888.9 -912.33 2232.8 1
71 0.78799 0.085368 -0.60974 0 0.60395 0.085264 0.79245 0 0.11964 -0.99269 0.015628 0 7881.3 -914.01 2240.2 1
72 0.78655 0.088239 -0.61118 0 0.60565 0.082928 0.7914 0 0.12052 -0.99264 0.011786 0 7871.3 -915.95 2249.7 1
73 0.78343 0.08995 -0.61494 0 0.60959 0.081453 0.78852 0 0.12102 -0.99261 0.0089806 0 7859.1 -918.06 2263.6 1
74 0.78002 0.089689 -0.61929 0 0.61388 0.082241 0.78511 0 0.12135 -0.99257 0.0090928 0 7844.3 -921.04 2279.7 1
75 0.77785 0.087494 -0.62233 0 0.61682 0.08334 0.78268 0 0.12034 -0.99267 0.010857 0 7832.5 -923.46 2295.6 1
76 0.77546 0.083687 -0.62583 0 0.6201 0.085779 0.77982 0 0.11894 -0.99279 0.014625 0 7820.1 -926.77 2310.2 1
77 0.77274 0.083495 -0.62921 0 0.62351 0.085672 0.77711 0 0.11879 -0.99282 0.014141 0 7810 -929.26 2325 1
78 0.76859 0.085797 -0.63396 0 0.62845 0.08405 0.77329 0 0.11963 -0.99276 0.01068 0 7798.8 -932.42 2342.3 1
79 0.76418 0.089978 -0.63869 0 0.63365 0.080227 0.76945 0 0.12047 -0.99271 0.0042939 0 7791 -935.39 2357.4 1
80 0.75992 0.094246 -0.64315 0 0.63848 0.077351 0.76574 0 0.12192 -0.99254 -0.0013944 0 7782.3 -937.88 2370.6 1
81 0.75404 0.1018 -0.64889 0 0.64455 0.075432 0.76083 0 0.1264 -0.99194 -0.0087381 0 7773.8 -939.93 2383.8 1
82 0.74722 0.10732 -0.65585 0 0.65166 0.075264 0.75477 0 0.13036 -0.99137 -0.013696 0 7766.2 -942.05 2396.3 1
83 0.74048 0.10944 -0.66311 0 0.65904 0.075145 0.74834 0 0.13173 -0.99115 -0.016481 0 7758.6 -943.9 2412.1 1
84 0.73531 0.1062 -0.66936 0 0.66547 0.073845 0.74276 0 0.12831 -0.9916 -0.016371 0 7751 -945.43 2423.1 1
85 0.73075 0.10109 -0.67511 0 0.6714 0.072323 0.73756 0 0.12338 -0.99225 -0.015019 0 7744 -945.65 2432.5 1
86 0.72335 0.097222 -0.6836 0 0.68014 0.070349 0.7297 0 0.11903 -0.99277 -0.015238 0 7737.5 -946.52 2441.5 1
87 0.71527 0.097916 -0.69196 0 0.68881 0.068444 0.7217 0 0.11803 -0.99284 -0.018491 0 7732.1 -947.04 2450.6 1
88 0.70792 0.099649 -0.69923 0 0.6963 0.067456 0.71457 0 0.11837 -0.99273 -0.021632 0 7727.8 -947.52 2458.1 1
89 0.70132 0.096544 -0.70628 0 0.70305 0.070048 0.70769 0 0.1178 -0.99286 -0.018749 0 7720.6 -948.19 2466.3 1
90 0.69847 0.089639 -0.71 0 0.7065 0.071647 0.70407 0 0.11398 -0.99339 -0.013287 0 7714.1 -948.41 2474.5 1
91 0.69678 0.078583 -0.71296 0 0.70915 0.073778 0.70119 0 0.1077 -0.99417 -0.00432 0 7706.5 -949.39 2480.5 1
92 0.69356 0.069906 -0.717 0 0.71343 0.071492 0.69707 0 0.099989 -0.99499 -0.00028808 0 7698.4 -949.25 2489.4 1
93 0.68908 0.066745 -0.72161 0 0.71832 0.068791 0.6923 0 0.095848 -0.9954 -0.00054203 0 7690.7 -949.18 2494.4 1
94 0.68227 0.069192 -0.72782 0 0.72523 0.061836 0.68572 0 0.092452 -0.99569 -0.0079916 0 7681.9 -948.01 2499.1 1
95 0.67587 0.073499 -0.73335 0 0.7314 0.05578 0.67967 0 0.090861 -0.99573 -0.016057 0 7672.6 -948.37 2504.8 1
96 0.67021 0.074941 -0.73838 0 0.73682 0.052113 0.67408 0 0.088995 -0.99582 -0.020292 0 7662.5 -947.98 2508.6 1
97 0.66964 0.061387 -0.74014 0 0.73787 0.058244 0.67242 0 0.084387 -0.99641 -0.0062938 0 7649.8 -917.75 2533.9 1
98 0.65886 0.076236 -0.7484 0 0.74592 0.062777 0.66307 0 0.097531 -0.99511 -0.015505 0 7628.5 -943.57 2524.4 1
99 0.65549 0.074493 -0.75152 0 0.74943 0.058663 0.65948 0 0.093213 -0.99549 -0.017374 0 7627.4 -943.5 2526.1 1
100 0.64504 0.065099 -0.76137 0 0.75994 0.049755 0.64808 0 0.080071 -0.99664 -0.017378 0 7610.8 -942.96 2520.1 1
101 0.64487 0.075668 -0.76054 0 0.75876 0.056187 0.64895 0 0.091837 -0.99555 -0.021181 0 7599.5 -942.06 2530.9 1
102 0.63612 0.082343 -0.76719 0 0.76587 0.053545 0.64077 0 0.093842 -0.99516 -0.029004 0 7583.6 -942.02 2534.2 1
103 0.62786 0.089232 -0.77319 0 0.77239 0.050961 0.6331 0 0.095896 -0.99471 -0.036926 0 7568.8 -941.18 2537.2 1
104 0.61808 0.095729 -0.78026 0 0.77982 0.050654 0.62395 0 0.099254 -0.99412 -0.043344 0 7552.5 -940.59 2541 1
105 0.60878 0.097635 -0.7873 0 0.78682 0.052642 0.61494 0 0.10148 -0.99383 -0.044774 0 7536.3 -941.28 2544.8 1
106 0.59647 0.09523 -0.79697 0 0.79581 0.059027 0.60266 0 0.10443 -0.9937 -0.040577 0 7511.6 -944.52 2553.4 1
107 0.58456 0.090144 -0.80633 0 0.80407 0.068463 0.59058 0 0.10844 -0.99357 -0.032462 0 7490.3 -947.55 2559 1
108 0.57202 0.082614 -0.81607 0 0.81293 0.07549 0.57745 0 0.10931 -0.99372 -0.023978 0 7470.7 -949.94 2567.1 1
109 0.56156 0.076113 -0.82393 0 0.82005 0.081558 0.56645 0 0.11031 -0.99376 -0.016616 0 7451.4 -951.31 2573.7 1
110 0.54971 0.070369 -0.83239 0 0.82815 0.084731 0.55407 0 0.10952 -0.99392 -0.011698 0 7434 -953.03 2579.4 1
111 0.5356 0.069821 -0.84158 0 0.83693 0.089021 0.54002 0 0.11262 -0.99358 -0.010756 0 7416.1 -954.36 2583.5 1
112 0.52045 0.075134 -0.85058 0 0.84541 0.094672 0.52565 0 0.12002 -0.99267 -0.014247 0 7400.4 -957.02 2586 1
113 0.50648 0.079679 -0.85856 0 0.85246 0.10337 0.51248 0 0.12958 -0.99145 -0.015568 0 7383.7 -959.69 2586.8 1
114 0.49516 0.079934 -0.86512 0 0.85811 0.11078 0.50138 0 0.13591 -0.99063 -0.01374 0 7366.4 -962.83 2590.2 1
115 0.49014 0.074618 -0.86844 0 0.86101 0.11373 0.49571 0 0.13576 -0.99071 -0.0085033 0 7353.3 -965.53 2593.7 1
116 0.48722 0.069094 -0.87054 0 0.86328 0.11233 0.49207 0 0.13179 -0.99127 -0.0049175 0 7339.8 -967.51 2598.9 1
117 0.48183 0.067648 -0.87365 0 0.86692 0.1084 0.48652 0 0.12762 -0.9918 -0.0064152 0 7327.4 -969.61 2602.7 1
118 0.47404 0.07007 -0.87771 0 0.87157 0.10431 0.47905 0 0.12512 -0.99207 -0.011624 0 7315.7 -971.62 2605.9 1
119 0.46587 0.071661 -0.88195 0 0.87632 0.10073 0.47108 0 0.1226 -0.99233 -0.01587 0 7305.8 -972.68 2610.8 1
120 0.45838 0.069983 -0.886 0 0.88045 0.10019 0.46343 0 0.1212 -0.9925 -0.015692 0 7296.6 -972.9 2617.1 1
121 0.45293 0.064921 -0.88918 0 0.88331 0.10259 0.45743 0 0.12092 -0.9926 -0.010879 0 7288.1 -972.65 2623.8 1
122 0.44743 0.059505 -0.89233 0 0.88589 0.10717 0.45135 0 0.12249 -0.99246 -0.0047646 0 7279.1 -972.41 2631 1
123 0.44205 0.055849 -0.89525 0 0.8883 0.11136 0.44556 0 0.12458 -0.99221 -0.00038499 0 7270.5 -972.47 2640 1
124 0.43561 0.054062 -0.89851 0 0.89143 0.1126 0.43895 0 0.1249 -0.99217 0.00085627 0 7262.1 -971.75 2648.1 1
125 0.4297 0.054073 -0.90135 0 0.8944 0.11174 0.43309 0 0.12414 -0.99227 -0.00034809 0 7253.8 -971.1 2657.5 1
126 0.42509 0.054684 -0.9035 0 0.89661 0.11138 0.42859 0 0.12407 -0.99227 -0.0016821 0 7246.4 -970.56 2665.6 1
127 0.42004 0.055882 -0.90578 0 0.89877 0.11249 0.42374 0 0.12557 -0.99208 -0.0029748 0 7237.1 -970.07 2675.1 1
128 0.41575 0.056475 -0.90773 0 0.90054 0.11408 0.41955 0 0.12725 -0.99187 -0.0034294 0 7227.7 -969.39 2686.6 1
129 0.41173 0.055564 -0.90961 0 0.90219 0.11601 0.41545 0 0.12861 -0.99169 -0.0023628 0 7219.2 -968.37 2700 1
130 0.4073 0.055409 -0.91161 0 0.90387 0.11861 0.41105 0 0.1309 -0.99139 -0.0017734 0 7210.3 -967.73 2712.6 1
131 0.40197 0.055626 -0.91396 0 0.90605 0.12004 0.40579 0 0.13228 -0.99121 -0.0021476 0 7201.7 -966.66 2726.8 1
132 0.39581 0.056705 -0.91658 0 0.90842 0.12209 0.39984 0 0.13458 -0.9909 -0.0031866 0 7191 -966.16 2742.9 1
133 0.38896 0.057832 -0.91944 0 0.9109 0.1251 0.39321 0 0.13776 -0.99046 -0.0040216 0 7181.1 -965.87 2759 1
134 0.38311 0.056892 -0.92195 0 0.91308 0.12762 0.38729 0 0.13969 -0.99019 -0.0030553 0 7172 -965.94 2774.3 1
135 0.37858 0.05352 -0.92402 0 0.91504 0.12849 0.38235 0 0.13919 -0.99027 -0.00032883 0 7161 -966.79 2792.9 1
136 0.37465 0.048327 -0.9259 0 0.91712 0.12728 0.37774 0 0.1361 -0.99069 0.0033642 0 7149.6 -968.29 2812.6 1
137 0.37206 0.04599 -0.92707 0 0.91863 0.12488 0.37487 0 0.13301 -0.99111 0.004213 0 7139.5 -970.63 2830.3 1
138 0.36942 0.04914 -0.92796 0 0.91981 0.12271 0.37267 0 0.13218 -0.99123 0.00013075 0 7130.8 -973.58 2848.1 1
139 0.3646 0.058132 -0.92935 0 0.92142 0.12149 0.36909 0 0.13436 -0.99089 -0.0092703 0 7122 -975.93 2864.7 1
140 0.35828 0.067234 -0.93119 0 0.92374 0.11918 0.36402 0 0.13545 -0.99059 -0.019407 0 7114.3 -978.64 2880.1 1
141 0.35422 0.072588 -0.93234 0 0.92527 0.11744 0.36068 0 0.13568 -0.99042 -0.025563 0 7107.4 -980.73 2894.1 1
142 0.35075 0.072477 -0.93366 0 0.92692 0.11517 0.35716 0 0.13342 -0.9907 -0.026784 0 7099.5 -982.89 2911 1
143 0.34699 0.067539 -0.93544 0 0.92885 0.11322 0.35272 0 0.12973 -0.99127 -0.023447 0 7092.9 -983.71 2927.5 1
144 0.3423 0.058607 -0.93776 0 0.93122 0.11176 0.3469 0 0.12513 -0.99201 -0.016322 0 7085.3 -986.18 2942.8 1
145 0.3373 0.05326 -0.93989 0 0.93356 0.10964 0.34124 0 0.12123 -0.99254 -0.012739 0 7080.3 -987.93 2955.5 1
146 0.32875 0.051528 -0.94301 0 0.93679 0.10886 0.33253 0 0.11979 -0.99272 -0.012485 0 7074 -990.74 2965.1 1
147 0.31848 0.053238 -0.94643 0 0.9406 0.10616 0.32248 0 0.11765 -0.99292 -0.016265 0 7069 -991.61 2975.3 1
148 0.30885 0.054491 -0.94955 0 0.94411 0.10329 0.31302 0 0.11514 -0.99316 -0.019544 0 7063.4 -992.93 2985.8 1
149 0.2999 0.052 -0.95255 0 0.94734 0.10132 0.30379 0 0.11231 -0.99349 -0.018877 0 7057.5 -993.93 2996.6 1
150 0.28944 0.045658 -0.95611 0 0.9509 0.10069 0.29268 0 0.10964 -0.99387 -0.01427 0 7050.8 -995.16 3008.1 1
151 0.28004 0.040096 -0.95915 0 0.95381 0.10154 0.28272 0 0.10873 -0.99402 -0.0098091 0 7044.9 -995.33 3018.1 1
152 0.26693 0.033639 -0.96313 0 0.95771 0.10216 0.26899 0 0.10745 -0.9942 -0.0049461 0 7038.3 -995.1 3031.1 1
153 0.25382 0.028883 -0.96682 0 0.96147 0.10162 0.25545 0 0.10562 -0.9944 -0.0019782 0 7032.6 -994.04 3043.7 1
154 0.24115 0.026169 -0.97013 0 0.96474 0.10214 0.24257 0 0.10543 -0.99443 -0.00061593 0 7026 -994.03 3055.7 1
155 0.22955 0.026183 -0.97294 0 0.96782 0.099739 0.23103 0 0.10309 -0.99467 -0.002445 0 7018.5 -993.56 3068.9 1
156 0.21861 0.027718 -0.97542 0 0.97057 0.097338 0.22029 0 0.10105 -0.99487 -0.005623 0 7010.8 -991.86 3080.3 1
157 0.2096 0.029885 -0.97733 0 0.97274 0.095011 0.21152 0 0.099179 -0.99503 -0.0091567 0 7001.8 -991.5 3092.2 1
158 0.19928 0.033624 -0.97937 0 0.97507 0.092768 0.20159 0 0.097631 -0.99512 -0.014299 0 6990.5 -990.63 3105.7 1
159 0.1879 0.037429 -0.98148 0 0.97732 0.092299 0.19062 0 0.097723 -0.99503 -0.019236 0 6980.6 -989.39 3119.5 1
160 0.17481 0.03931 -0.98382 0 0.97939 0.095757 0.17785 0 0.1012 -0.99463 -0.02176 0 6968.2 -988.77 3133.2 1
161 0.16193 0.03582 -0.98615 0 0.98147 0.097927 0.16472 0 0.10247 -0.99455 -0.019299 0 6956 -989.73 3149.6 1
162 0.15507 0.025897 -0.98756 0 0.98296 0.095787 0.15686 0 0.098657 -0.99506 -0.010602 0 6944.8 -989.39 3164.2 1
163 0.15013 0.018753 -0.98849 0 0.98405 0.093696 0.15123 0 0.095454 -0.99542 -0.0043868 0 6932.1 -990.67 3178 1
164 0.14138 0.017811 -0.9898 0 0.98584 0.088589 0.1424 0 0.090222 -0.99591 -0.0050346 0 6917.7 -992.75 3191.4 1
165 0.12973 0.020942 -0.99133 0 0.98786 0.083426 0.13104 0 0.085447 -0.99629 -0.0098644 0 6904.8 -994.78 3205.1 1
166 0.11774 0.028774 -0.99263 0 0.98956 0.080227 0.1197 0 0.08308 -0.99636 -0.019028 0 6891.4 -997.85 3216.6 1
167 0.10504 0.037316 -0.99377 0 0.99074 0.082485 0.10782 0 0.085994 -0.99589 -0.028306 0 6880.7 -1002 3230.1 1
168 0.09094 0.043104 -0.99492 0 0.99118 0.092745 0.094616 0 0.096353 -0.99476 -0.03429 0 6871.4 -1005.5 3243.7 1
169 0.079481 0.041743 -0.99596 0 0.99105 0.10415 0.083455 0 0.10722 -0.99368 -0.033091 0 6862.5 -1009.5 3258.7 1
170 0.072247 0.034176 -0.9968 0 0.99092 0.11113 0.07563 0 0.11336 -0.99322 -0.025837 0 6854.2 -1012.1 3272.4 1
171 0.067729 0.024493 -0.9974 0 0.99088 0.11509 0.070111 0 0.11651 -0.99305 -0.016475 0 6844.2 -1015.8 3285.2 1
172 0.061305 0.019247 -0.99793 0 0.9919 0.1103 0.063062 0 0.11129 -0.99371 -0.01233 0 6836.8 -1018.6 3296.2 1
173 0.052031 0.021812 -0.99841 0 0.99299 0.10515 0.054045 0 0.10616 -0.99422 -0.016188 0 6829.6 -1021.5 3308 1
174 0.038653 0.029341 -0.99882 0 0.9942 0.09929 0.04139 0 0.10039 -0.99463 -0.025333 0 6821.2 -1023.3 3317.4 1
175 0.028284 0.034778 -0.99899 0 0.99468 0.098108 0.031576 0 0.099108 -0.99457 -0.031817 0 6817.7 -1024.1 3324.3 1
176 0.016991 0.036752 -0.99918 0 0.99487 0.099086 0.020563 0 0.099761 -0.9944 -0.03488 0 6813.1 -1025.4 3334.3 1
177 0.0089805 0.031451 -0.99946 0 0.99467 0.10241 0.01216 0 0.10274 -0.99424 -0.030364 0 6811.5 -1026.2 3346.9 1
178 0.0038593 0.020811 -0.99978 0 0.99416 0.10771 0.0060799 0 0.10782 -0.99396 -0.020274 0 6808.1 -1026.3 3360.3 1
179 -0.00011162 0.012204 -0.99993 0 0.99376 0.11151 0.0012501 0 0.11152 -0.99369 -0.01214 0 6804 -1026.4 3374.2 1
180 -0.0052965 0.0069564 -0.99996 0 0.9938 0.11107 -0.0044917 0 0.11104 -0.99379 -0.0075021 0 6801.5 -1025.3 3387.4 1
181 -0.011973 0.0076995 -0.9999 0 0.99387 0.11 -0.011053 0 0.1099 -0.9939 -0.0089695 0 6796.9 -1023.6 3400.7 1
182 -0.019485 0.01199 -0.99974 0 0.99401 0.10778 -0.018082 0 0.10753 -0.9941 -0.014018 0 6794.1 -1023.2 3412.9 1
183 -0.026166 0.01531 -0.99954 0 0.99419 0.10481 -0.02442 0 0.10439 -0.99437 -0.017964 0 6792.3 -1023 3424.4 1
184 -0.031115 0.015525 -0.9994 0 0.994 0.10538 -0.029309 0 0.10486 -0.99431 -0.018711 0 6789.8 -1022.3 3436.8 1
185 -0.034402 0.014577 -0.9993 0 0.99351 0.10901 -0.032613 0 0.10846 -0.99393 -0.018233 0 6788.2 -1021.6 3452.2 1
186 -0.035334 0.010718 -0.99932 0 0.99276 0.11523 -0.033866 0 0.11479 -0.99328 -0.014712 0 6785.8 -1019.5 3470.3 1
187 -0.035573 0.011811 -0.9993 0 0.99214 0.1205 -0.033894 0 0.12001 -0.99264 -0.016005 0 6784.3 -1017.5 3489 1
188 -0.037161 0.016361 -0.99918 0 0.99151 0.12526 -0.034825 0 0.12459 -0.99199 -0.020877 0 6781.9 -1015.6 3507.1 1
189 -0.042105 0.025586 -0.99879 0 0.99082 0.12963 -0.038449 0 0.12849 -0.99123 -0.03081 0 6780.3 -1014.2 3527.5 1
190 -0.048592 0.029587 -0.99838 0 0.99027 0.13189 -0.044289 0 0.13036 -0.99082 -0.035707 0 6778.5 -1014.1 3546.2 1
191 -0.053744 0.02988 -0.99811 0 0.9901 0.13136 -0.049381 0 0.12964 -0.99088 -0.036645 0 6775.8 -1013.8 3567.1 1
192 -0.056165 0.024935 -0.99811 0 0.98998 0.13114 -0.05243 0 0.12959 -0.99105 -0.032051 0 6774.7 -1014.9 3588.2 1
193 -0.056144 0.021124 -0.9982 0 0.98973 0.1328 -0.052857 0 0.13144 -0.99092 -0.028363 0 6774.5 -1016.2 3608.6 1
194 -0.058952 0.022327 -0.99801 0 0.98913 0.13623 -0.055379 0 0.13473 -0.99043 -0.030115 0 6773.5 -1019 3632 1
195 -0.061635 0.029724 -0.99766 0 0.98872 0.13853 -0.056956 0 0.13652 -0.98991 -0.037928 0 6773 -1022.8 3651.8 1
196 -0.06642 0.044158 -0.99681 0 0.98885 0.13638 -0.059847 0 0.1333 -0.98967 -0.052724 0 6773.3 -1026.9 3671.2 1
197 -0.069185 0.05634 -0.99601 0 0.98906 0.13426 -0.061108 0 0.13028 -0.98934 -0.065013 0 6773.3 -1030.4 3687.5 1
198 -0.071852 0.064003 -0.99536 0 0.98926 0.13196 -0.062927 0 0.12732 -0.98919 -0.072797 0 6771.3 -1034.3 3710.3 1
199 -0.069946 0.058463 -0.99584 0 0.98971 0.12898 -0.061943 0 0.12482 -0.98992 -0.066883 0 6768.8 -1038.8 3729.7 1
200 -0.068389 0.047662 -0.99652 0 0.98993 0.12732 -0.061848 0 0.12393 -0.99072 -0.055889 0 6766.9 -1040.1 3751.9 1
201 -0.066277 0.032914 -0.99726 0 0.9896 0.13004 -0.061476 0 0.12766 -0.99096 -0.041191 0 6766.8 -1043.9 3767.4 1
202 -0.068772 0.024287 -0.99734 0 0.9887 0.13516 -0.064885 0 0.13322 -0.99053 -0.033309 0 6766.1 -1045.4 3779.6 1
203 -0.073733 0.020928 -0.99706 0 0.98804 0.13726 -0.070185 0 0.13539 -0.99031 -0.030798 0 6767.5 -1047.5 3792.5 1
204 -0.080971 0.021478 -0.99648 0 0.98811 0.13282 -0.077428 0 0.13068 -0.99091 -0.031978 0 6761.7 -1049.9 3803.8 1
205 -0.087775 0.018788 -0.99596 0 0.98863 0.12418 -0.084786 0 0.12209 -0.99208 -0.029475 0 6760 -1049.1 3815 1
206 -0.095042 0.015712 -0.99535 0 0.98864 0.11847 -0.092531 0 0.11647 -0.99283 -0.026793 0 6757.2 -1050.7 3826.3 1
207 -0.10378 0.0088043 -0.99456 0 0.98826 0.11367 -0.10212 0 0.11215 -0.99348 -0.020497 0 6756.1 -1049.9 3838.9 1
208 -0.11429 0.0038029 -0.99344 0 0.98708 0.11349 -0.11312 0 0.11232 -0.99353 -0.016724 0 6754 -1049.6 3851 1
209 -0.12656 0.00031887 -0.99196 0 0.98547 0.11422 -0.1257 0 0.11326 -0.99346 -0.01477 0 6754.1 -1048.9 3864.4 1
210 -0.14258 -0.0027813 -0.98978 0 0.98292 0.11711 -0.14192 0 0.11631 -0.99311 -0.013964 0 6754.9 -1048.7 3875.7 1
211 -0.15841 -0.0041869 -0.98736 0 0.98035 0.11841 -0.15779 0 0.11758 -0.99296 -0.014654 0 6753.9 -1047.4 3890.8 1
212 -0.17236 -0.0059697 -0.98502 0 0.97805 0.11782 -0.17185 0 0.11708 -0.99302 -0.014469 0 6751.9 -1046.3 3905.7 1
213 -0.18372 -0.0075778 -0.98295 0 0.97622 0.1157 -0.18335 0 0.11512 -0.99326 -0.013858 0 6749.6 -1044.3 3920 1
214 -0.19637 -0.0078326 -0.9805 0 0.97405 0.11323 -0.19598 0 0.11256 -0.99354 -0.014607 0 6746.5 -1043.6 3937.2 1
215 -0.20772 -0.00552 -0.97817 0 0.97184 0.11261 -0.20701 0 0.1113 -0.99362 -0.018027 0 6743.7 -1041.6 3951.1 1
216 -0.22609 -0.0027362 -0.9741 0 0.96779 0.11306 -0.22494 0 0.11075 -0.99358 -0.022913 0 6740 -1040.9 3970.6 1
217 -0.23842 -0.0037962 -0.97116 0 0.96477 0.1136 -0.23729 0 0.11123 -0.99352 -0.023421 0 6737.2 -1040.8 3987 1
218 -0.24784 -0.0073489 -0.96877 0 0.96222 0.11454 -0.24703 0 0.11278 -0.99339 -0.021316 0 6733.4 -1041.4 4005.4 1
219 -0.25879 -0.0093551 -0.96589 0 0.95954 0.11235 -0.25818 0 0.11094 -0.99362 -0.020099 0 6730.3 -1042.4 4025.3 1
220 -0.26943 -0.0087527 -0.96298 0 0.95724 0.107 -0.26879 0 0.10539 -0.99422 -0.02045 0 6726.3 -1043.7 4042.1 1
221 -0.28056 -0.005438 -0.95982 0 0.95464 0.10236 -0.27962 0 0.099769 -0.99473 -0.023526 0 6723.9 -1045.7 4058.8 1
222 -0.29485 0.0018781 -0.95554 0 0.95071 0.10103 -0.29316 0 0.095989 -0.99488 -0.031575 0 6720.1 -1047.4 4077.2 1
223 -0.31093 0.0082333 -0.9504 0 0.9451 0.10849 -0.30826 0 0.10057 -0.99406 -0.041513 0 6713.7 -1051 4094.6 1
224 -0.32469 0.010104 -0.94577 0 0.93968 0.11724 -0.32135 0 0.10763 -0.99305 -0.047561 0 6711.8 -1053 4110.5 1
225 -0.33509 0.0055209 -0.94217 0 0.93481 0.12687 -0.33173 0 0.1177 -0.9919 -0.047675 0 6707.6 -1054.8 4129.5 1
226 -0.34236 -0.0048967 -0.93956 0 0.93148 0.12914 -0.34009 0 0.123 -0.99161 -0.03965 0 6706.4 -1056.8 4141.7 1
227 -0.34897 -0.014786 -0.93702 0 0.92877 0.12786 -0.34792 0 0.12496 -0.99168 -0.030889 0 6704.3 -1056 4158.7 1
228 -0.35705 -0.020904 -0.93385 0 0.92592 0.124 -0.35679 0 0.12325 -0.99206 -0.024917 0 6702.6 -1057.7 4171.5 1
229 -0.36843 -0.019074 -0.92946 0 0.92193 0.12111 -0.36793 0 0.11958 -0.99246 -0.027034 0 6702.7 -1061 4182.7 1
230 -0.38309 -0.013677 -0.92361 0 0.91669 0.11738 -0.38196 0 0.11364 -0.99299 -0.032431 0 6701.6 -1060.4 4193 1
231 -0.39792 -0.0089013 -0.91738 0 0.91083 0.1158 -0.39621 0 0.10976 -0.99323 -0.037973 0 6704.3 -1062.1 4204.8 1
232 -0.41082 -0.010399 -0.91166 0 0.90502 0.11627 -0.40916 0 0.11026 -0.99316 -0.038357 0 6706.8 -1061.7 4216.9 1
233 -0.42007 -0.017581 -0.90732 0 0.89986 0.12136 -0.41897 0 0.11748 -0.99245 -0.035159 0 6710.5 -1062.4 4229.5 1
234 -0.42849 -0.026943 -0.90314 0 0.89478 0.12623 -0.42829 0 0.12554 -0.99164 -0.02998 0 6714.7 -1062.1 4243.5 1
235 -0.43605 -0.034945 -0.89924 0 0.8902 0.12968 -0.43671 0 0.13188 -0.99094 -0.025441 0 6717.7 -1062.6 4253.8 1
236 -0.44648 -0.037375 -0.89401 0 0.88464 0.13168 -0.4473 0 0.13445 -0.99059 -0.025731 0 6722.9 -1062.3 4266.6 1
237 -0.45643 -0.037582 -0.88897 0 0.87975 0.13037 -0.45721 0 0.13307 -0.99075 -0.026439 0 6727.2 -1062.5 4276.4 1
238 -0.4653 -0.034584 -0.88448 0 0.87552 0.12902 -0.46563 0 0.13022 -0.99104 -0.029754 0 6732.5 -1061.5 4287.3 1
239 -0.47264 -0.032221 -0.88066 0 0.87169 0.1297 -0.47258 0 0.12945 -0.99103 -0.033216 0 6738.4 -1060.3 4301.2 1
240 -0.47702 -0.031009 -0.87835 0 0.86914 0.13182 -0.47667 0 0.13057 -0.99079 -0.035929 0 6744.6 -1058.9 4314.5 1
241 -0.48024 -0.030829 -0.8766 0 0.86682 0.13619 -0.47967 0 0.13417 -0.9902 -0.038681 0 6753.3 -1057.2 4330.2 1
242 -0.48346 -0.030073 -0.87485 0 0.86439 0.14138 -0.48254 0 0.1382 -0.9895 -0.042357 0 6760.5 -1055.8 4346.2 1
243 -0.48613 -0.026505 -0.87348 0 0.86268 0.14498 -0.48452 0 0.13948 -0.98908 -0.047613 0 6767.8 -1054.1 4360.7 1
244 -0.49047 -0.020683 -0.87121 0 0.86023 0.14845 -0.48782 0 0.13942 -0.9887 -0.055018 0 6775.7 -1053 4377.3 1
245 -0.4962 -0.017425 -0.86803 0 0.85722 0.1487 -0.49301 0 0.13767 -0.98873 -0.05885 0 6783.4 -1051.7 4394.6 1
246 -0.49966 -0.018784 -0.86602 0 0.85569 0.14471 -0.49684 0 0.13465 -0.9893 -0.056229 0 6793.6 -1051.1 4413.5 1
247 -0.50106 -0.020995 -0.86516 0 0.85496 0.14295 -0.49862 0 0.13414 -0.98951 -0.053675 0 6803.5 -1051.2 4432.9 1
248 -0.50227 -0.020926 -0.86446 0 0.85419 0.14347 -0.49978 0 0.13448 -0.98943 -0.054186 0 6814.4 -1052.7 4450.3 1
249 -0.50475 -0.013939 -0.86315 0 0.85306 0.14526 -0.50119 0 0.13237 -0.98929 -0.061431 0 6823.2 -1054.8 4465.4 1
250 -0.50887 -0.00095292 -0.86084 0 0.85165 0.14519 -0.5036 0 0.12547 -0.9894 -0.073074 0 6834 -1056.8 4481.3 1
251 -0.5128 0.01089 -0.85844 0 0.85038 0.1437 -0.50617 0 0.11785 -0.98956 -0.082951 0 6842.6 -1059.7 4493 1
252 -0.51693 0.020863 -0.85578 0 0.84876 0.14254 -0.50921 0 0.11136 -0.98957 -0.091389 0 6853.9 -1061.7 4507.9 1
253 -0.52153 0.023507 -0.85291 0 0.8461 0.14326 -0.51342 0 0.11012 -0.98941 -0.094604 0 6864.7 -1063.6 4523.5 1
254 -0.52769 0.016427 -0.84928 0 0.84169 0.14483 -0.52017 0 0.11445 -0.98932 -0.090249 0 6874.4 -1065 4542.3 1
255 -0.53052 0.0020509 -0.84767 0 0.839 0.14399 -0.52474 0 0.12098 -0.98958 -0.078111 0 6883.7 -1064.4 4555.3 1
256 -0.53344 -0.014608 -0.84571 0 0.83556 0.14626 -0.52957 0 0.13143 -0.98914 -0.065817 0 6891.1 -1067.1 4570.2 1
257 -0.53866 -0.02341 -0.8422 0 0.83119 0.1486 -0.53576 0 0.13769 -0.98862 -0.060588 0 6898.6 -1068.7 4582 1
258 -0.54642 -0.024058 -0.83716 0 0.82618 0.14839 -0.54352 0 0.1373 -0.98864 -0.061208 0 6904.1 -1069.3 4595.5 1
259 -0.55405 -0.020798 -0.83222 0 0.82229 0.14228 -0.55099 0 0.12987 -0.98961 -0.061728 0 6909.1 -1070 4604 1
260 -0.56037 -0.018367 -0.82804 0 0.8192 0.13505 -0.55738 0 0.12206 -0.99067 -0.06063 0 6914.2 -1071.1 4615.4 1
261 -0.56464 -0.019579 -0.8251 0 0.81692 0.12916 -0.5621 0 0.11758 -0.99143 -0.056937 0 6918.8 -1071.1 4625.2 1
262 -0.56881 -0.023209 -0.82214 0 0.81396 0.12756 -0.56675 0 0.11803 -0.99156 -0.053669 0 6924.5 -1070.9 4635.8 1
263 -0.57429 -0.026499 -0.81822 0 0.80978 0.12834 -0.57252 0 0.12018 -0.99138 -0.052244 0 6931.4 -1070.4 4646.8 1
264 -0.58097 -0.031077 -0.81333 0 0.80444 0.1302 -0.57959 0 0.12391 -0.991 -0.050645 0 6938 -1069.6 4658.1 1
265 -0.58705 -0.03346 -0.80886 0 0.7998 0.13061 -0.58588 0 0.12525 -0.99087 -0.049913 0 6943.5 -1069 4670.6 1
266 -0.59345 -0.033376 -0.80418 0 0.79525 0.12968 -0.59224 0 0.12406 -0.99099 -0.050417 0 6947.7 -1068.6 4682.6 1
267 -0.60021 -0.030361 -0.79926 0 0.79091 0.12634 -0.59874 0 0.11916 -0.99152 -0.051821 0 6952.6 -1067.8 4696.8 1
268 -0.60658 -0.026952 -0.79456 0 0.78676 0.12332 -0.60481 0 0.11429 -0.992 -0.0536 0 6957 -1066.9 4711.3 1
269 -0.61216 -0.024444 -0.79036 0 0.78309 0.11993 -0.61024 0 0.10971 -0.99248 -0.054276 0 6962.4 -1065.5 4727.6 1
270 -0.61679 -0.022647 -0.78681 0 0.77974 0.11912 -0.61467 0 0.10765 -0.99262 -0.055816 0 6967.1 -1064.1 4743.6 1
271 -0.6225 -0.019931 -0.78237 0 0.77535 0.12022 -0.61998 0 0.10641 -0.99255 -0.059384 0 6972.9 -1063.5 4760.4 1
272 -0.62967 -0.018215 -0.77665 0 0.76958 0.12199 -0.62679 0 0.10616 -0.99236 -0.062794 0 6978 -1062.8 4778 1
273 -0.6365 -0.021226 -0.77099 0 0.76388 0.12077 -0.63396 0 0.10657 -0.99245 -0.060655 0 6982.4 -1063 4794.9 1
274 -0.6422 -0.026733 -0.76607 0 0.75902 0.11738 -0.6404 0 0.10704 -0.99273 -0.05509 0 6988.5 -1063.3 4815.4 1
275 -0.64846 -0.031866 -0.76058 0 0.75365 0.11388 -0.64733 0 0.10725 -0.99298 -0.049835 0 6994.1 -1064.9 4834.8 1
276 -0.65557 -0.031488 -0.75447 0 0.74793 0.11058 -0.6545 0 0.10404 -0.99337 -0.048941 0 7000.3 -1067.7 4854.5 1
277 -0.66351 -0.027436 -0.74766 0 0.74145 0.1095 -0.66202 0 0.10003 -0.99361 -0.052313 0 7003.9 -1071.3 4870.9 1
278 -0.67332 -0.020523 -0.73906 0 0.73335 0.10851 -0.67113 0 0.093968 -0.99388 -0.05801 0 7009 -1072.8 4886.9 1
279 -0.68465 -0.012252 -0.72877 0 0.72331 0.11194 -0.68139 0 0.08993 -0.99364 -0.06778 0 7015.6 -1074.4 4902.6 1
280 -0.69506 -0.0089298 -0.7189 0 0.71301 0.11971 -0.69085 0 0.092231 -0.99277 -0.07684 0 7021.8 -1076.2 4916.8 1
281 -0.70337 -0.009677 -0.71076 0 0.70412 0.12749 -0.69854 0 0.097374 -0.99179 -0.082858 0 7029.3 -1078.2 4931.4 1
282 -0.70968 -0.020171 -0.70424 0 0.69606 0.13436 -0.70529 0 0.10885 -0.99073 -0.081314 0 7035.1 -1078.6 4945.5 1
283 -0.71332 -0.031516 -0.70013 0 0.69069 0.1378 -0.7099 0 0.11885 -0.98996 -0.07653 0 7043 -1079.9 4961.4 1
284 -0.71693 -0.038156 -0.6961 0 0.68611 0.13835 -0.71422 0 0.12356 -0.98965 -0.073008 0 7048.6 -1081.9 4975.1 1
285 -0.72283 -0.040291 -0.68985 0 0.68004 0.13581 -0.72048 0 0.12272 -0.98992 -0.070765 0 7054.2 -1083.1 4988.8 1
286 -0.72927 -0.038849 -0.68312 0 0.6742 0.12944 -0.72711 0 0.11667 -0.99083 -0.068208 0 7060.6 -1083.8 5000.2 1
287 -0.73498 -0.038828 -0.67698 0 0.66866 0.12448 -0.73308 0 0.11274 -0.99146 -0.06553 0 7064.8 -1083.9 5010.4 1
288 -0.74001 -0.041308 -0.67132 0 0.66312 0.12212 -0.73848 0 0.11249 -0.99166 -0.062976 0 7070.7 -1083.6 5021.3 1
289 -0.74366 -0.045578 -0.667 0 0.6582 0.12503 -0.74239 0 0.11723 -0.99111 -0.062979 0 7076.4 -1084.2 5032.5 1
290 -0.74755 -0.052467 -0.66213 0 0.65258 0.12768 -0.74688 0 0.12373 -0.99043 -0.061205 0 7084.3 -1083.4 5042.4 1
291 -0.75081 -0.058147 -0.65796 0 0.64762 0.13114 -0.7506 0 0.12993 -0.98966 -0.060802 0 7092.4 -1082.1 5052.5 1
292 -0.75382 -0.060673 -0.65427 0 0.64372 0.13154 -0.75387 0 0.1318 -0.98945 -0.060098 0 7100.5 -1080.4 5061.8 1
293 -0.75743 -0.059457 -0.65021 0 0.63996 0.12984 -0.75736 0 0.12945 -0.98975 -0.060295 0 7108.5 -1078.5 5071.2 1
294 -0.76032 -0.055372 -0.64718 0 0.63773 0.12557 -0.75996 0 0.12335 -0.99054 -0.060163 0 7117 -1076 5081.3 1
295 -0.7624 -0.051068 -0.64509 0 0.63648 0.12072 -0.76179 0 0.11678 -0.99137 -0.059536 0 7128.1 -1072.8 5093.5 1
296 -0.76317 -0.048832 -0.64435 0 0.63598 0.11985 -0.76234 0 0.11445 -0.99159 -0.060408 0 7139.3 -1071.6 5107.1 1
297 -0.76347 -0.048128 -0.64405 0 0.63565 0.12046 -0.76252 0 0.11428 -0.99155 -0.061377 0 7150.2 -1070.2 5119.8 1
298 -0.76338 -0.04742 -0.64421 0 0.63562 0.12252 -0.76222 0 0.11507 -0.99133 -0.063391 0 7161.6 -1068.1 5132.7 1
299 -0.76386 -0.04416 -0.64387 0 0.63505 0.12638 -0.76206 0 0.11503 -0.991 -0.068493 0 7173.4 -1066.5 5146.1 1
300 -0.76588 -0.038735 -0.64182 0 0.63301 0.12973 -0.76319 0 0.11283 -0.99079 -0.074837 0 7186 -1065.3 5160.9 1
301 -0.769 -0.035049 -0.63829 0 0.62991 0.12848 -0.76596 0 0.10885 -0.99109 -0.076721 0 7201.8 -1064 5177.3 1
302 -0.76937 -0.036251 -0.63777 0 0.62968 0.12508 -0.76672 0 0.10757 -0.99148 -0.073403 0 7216.2 -1064.5 5192.4 1
303 -0.76748 -0.04053 -0.63979 0 0.63191 0.12033 -0.76564 0 0.10802 -0.99191 -0.066741 0 7229.6 -1065.4 5207.9 1
304 -0.76775 -0.040706 -0.63945 0 0.6317 0.11901 -0.76602 0 0.10728 -0.99206 -0.065654 0 7242.8 -1066 5221.6 1
305 -0.7707 -0.03124 -0.63643 0 0.62929 0.11954 -0.76792 0 0.10007 -0.99234 -0.072472 0 7260.1 -1068.5 5236 1
306 -0.77481 -0.017423 -0.63195 0 0.62577 0.121 -0.77057 0 0.089892 -0.9925 -0.08285 0 7276.4 -1072 5248.1 1
307 -0.77862 -0.0075379 -0.62745 0 0.62207 0.12192 -0.77341 0 0.082331 -0.99251 -0.090242 0 7289.3 -1073.7 5257.5 1
308 -0.78308 -0.0010988 -0.62192 0 0.61708 0.12315 -0.77721 0 0.077445 -0.99239 -0.095762 0 7304.3 -1075.3 5269.2 1
309 -0.78725 -0.00072764 -0.61663 0 0.61192 0.12248 -0.78138 0 0.076092 -0.99247 -0.095976 0 7318.9 -1076.3 5280.2 1
310 -0.79334 -0.010953 -0.60868 0 0.60317 0.12124 -0.78834 0 0.082431 -0.99256 -0.089578 0 7333 -1076.7 5291.7 1
311 -0.79856 -0.01829 -0.60164 0 0.59557 0.12072 -0.79418 0 0.087156 -0.99252 -0.08551 0 7347.4 -1079.9 5306.3 1
312 -0.8031 -0.027284 -0.59522 0 0.58847 0.12039 -0.79951 0 0.093473 -0.99235 -0.080631 0 7360.3 -1081.2 5317.8 1
313 -0.80813 -0.032175 -0.58812 0 0.5811 0.11944 -0.80502 0 0.096144 -0.99232 -0.077825 0 7371.5 -1081.4 5326.8 1
314 -0.81453 -0.032947 -0.57919 0 0.57236 0.11717 -0.81159 0 0.094601 -0.99257 -0.076577 0 7381.7 -1081.5 5335.1 1
315 -0.81981 -0.031207 -0.57178 0 0.5654 0.11399 -0.8169 0 0.090669 -0.99299 -0.075804 0 7390.7 -1081.5 5342.5 1
316 -0.82559 -0.030902 -0.56343 0 0.55735 0.11123 -0.82279 0 0.088095 -0.99331 -0.074605 0 7400.2 -1081.3 5351.5 1
317 -0.83166 -0.034544 -0.5542 0 0.54812 0.1087 -0.82931 0 0.08889 -0.99347 -0.071469 0 7411.5 -1079.8 5359.5 1
318 -0.83622 -0.037938 -0.54708 0 0.54056 0.11099 -0.83395 0 0.092356 -0.9931 -0.072301 0 7421.5 -1079.1 5369.1 1
319 -0.84104 -0.041425 -0.53938 0 0.53243 0.11307 -0.83889 0 0.095739 -0.99272 -0.073039 0 7432 -1078.6 5378.6 1
320 -0.84643 -0.044507 -0.53063 0 0.52346 0.11323 -0.84449 0 0.097668 -0.99257 -0.072541 0 7443 -1077 5388.2 1
321 -0.85157 -0.046395 -0.52218 0 0.51501 0.11199 -0.84984 0 0.097905 -0.99263 -0.071472 0 7454.5 -1075.6 5398.8 1
322 -0.85644 -0.047536 -0.51406 0 0.50692 0.11103 -0.85481 0 0.097712 -0.99268 -0.070995 0 7462.9 -1074.5 5409 1
323 -0.8624 -0.046301 -0.5041 0 0.49726 0.10911 -0.86071 0 0.094856 -0.99295 -0.071076 0 7473.2 -1071.7 5421.2 1
324 -0.86877 -0.043425 -0.49331 0 0.4869 0.10689 -0.86689 0 0.090375 -0.99332 -0.071719 0 7483.7 -1068.5 5432.2 1
325 -0.87552 -0.040449 -0.48148 0 0.47533 0.10678 -0.87331 0 0.086737 -0.99346 -0.074264 0 7495 -1067 5444.4 1
326 -0.882 -0.038868 -0.46964 0 0.46351 0.10831 -0.87945 0 0.08505 -0.99336 -0.077515 0 7506.1 -1065.3 5456.9 1
327 -0.88829 -0.039315 -0.4576 0 0.45118 0.11165 -0.88542 0 0.0859 -0.99297 -0.081436 0 7516.2 -1063.4 5470.2 1
328 -0.89447 -0.042854 -0.44508 0 0.43829 0.113 -0.8917 0 0.088506 -0.99267 -0.08229 0 7529.5 -1062 5485.7 1
329 -0.8988 -0.049116 -0.43559 0 0.4285 0.11107 -0.89669 0 0.092422 -0.9926 -0.078782 0 7542 -1060.5 5501.6 1
330 -0.90455 -0.04553 -0.42394 0 0.41723 0.11035 -0.90208 0 0.087855 -0.99285 -0.080823 0 7557.9 -1063.1 5520.1 1
331 -0.91062 -0.040841 -0.41123 0 0.40508 0.10866 -0.9078 0 0.081761 -0.99324 -0.082406 0 7570 -1065.4 5534.3 1
332 -0.9168 -0.035338 -0.39779 0 0.39228 0.10694 -0.91361 0 0.074824 -0.99364 -0.08418 0 7581.6 -1067.7 5548.8 1
333 -0.92384 -0.026319 -0.38187 0 0.37707 0.10913 -0.91973 0 0.06588 -0.99368 -0.090892 0 7595.3 -1071.1 5563.1 1
334 -0.93023 -0.019727 -0.36644 0 0.36207 0.11336 -0.92523 0 0.059793 -0.99336 -0.098312 0 7604 -1071.1 5574.2 1
335 -0.93638 -0.017605 -0.35056 0 0.34604 0.12094 -0.93039 0 0.058776 -0.9925 -0.10715 0 7613.7 -1075.2 5584.9 1
336 -0.94126 -0.019877 -0.33709 0 0.33218 0.12487 -0.93491 0 0.060674 -0.99197 -0.11093 0 7627.4 -1076.8 5595 1
337 -0.9452 -0.027803 -0.3253 0 0.31946 0.12692 -0.93906 0 0.067397 -0.99152 -0.11109 0 7641 -1079 5607.3 1
338 -0.94798 -0.035813 -0.3163 0 0.30974 0.1254 -0.94251 0 0.07342 -0.99146 -0.10779 0 7652.6 -1080.2 5617.6 1
339 -0.95084 -0.04129 -0.30692 0 0.30008 0.12199 -0.94608 0 0.076505 -0.99167 -0.1036 0 7662.7 -1081.4 5627 1
340 -0.95425 -0.043612 -0.29581 0 0.28907 0.11835 -0.94996 0 0.076439 -0.99201 -0.10032 0 7673.8 -1082.3 5635.1 1
341 -0.95727 -0.042842 -0.28602 0 0.27959 0.11583 -0.95311 0 0.073964 -0.99234 -0.098905 0 7682.8 -1082 5641.7 1
342 -0.96042 -0.044325 -0.275 0 0.26863 0.11383 -0.9565 0 0.0737 -0.99251 -0.097414 0 7694.7 -1081.4 5649.2 1
343 -0.96218 -0.050519 -0.2677 0 0.2608 0.11322 -0.95873 0 0.078744 -0.99228 -0.095763 0 7703.7 -1079.2 5654.7 1
344 -0.9631 -0.055998 -0.26327 0 0.25563 0.11593 -0.9598 0 0.084267 -0.99168 -0.097333 0 7715.5 -1078.6 5661.7 1
345 -0.96391 -0.061228 -0.25908 0 0.25067 0.11892 -0.96074 0 0.089634 -0.99101 -0.099281 0 7727.8 -1077.3 5669.2 1
346 -0.96506 -0.064122 -0.25407 0 0.24536 0.11925 -0.96207 0 0.091987 -0.99079 -0.099348 0 7739.2 -1075.1 5675.2 1
347 -0.96656 -0.064106 -0.2483 0 0.23973 0.118 -0.96364 0 0.091075 -0.99094 -0.098688 0 7753.1 -1073.4 5683 1
348 -0.96803 -0.062039 -0.24303 0 0.23489 0.11558 -0.96512 0 0.087965 -0.99136 -0.097311 0 7765.2 -1072 5688.4 1
349 -0.96957 -0.058596 -0.23771 0 0.22996 0.11516 -0.96636 0 0.084 -0.99162 -0.098182 0 7777.1 -1069.8 5693.9 1
350 -0.97124 -0.055011 -0.23164 0 0.22416 0.11657 -0.96756 0 0.080229 -0.99166 -0.10089 0 7790.4 -1067.6 5699.6 1
351 -0.9724 -0.053238 -0.22715 0 0.21971 0.11859 -0.96833 0 0.078489 -0.99152 -0.10362 0 7805.1 -1064.9 5704.7 1
352 -0.97331 -0.053771 -0.22312 0 0.21537 0.12205 -0.96888 0 0.07933 -0.99107 -0.10722 0 7820.7 -1061.9 5710.1 1
353 -0.97413 -0.054097 -0.21942 0 0.21129 0.12651 -0.9692 0 0.080191 -0.99049 -0.11181 0 7839.4 -1059.1 5716.8 1
354 -0.97518 -0.053415 -0.21485 0 0.2064 0.13172 -0.96956 0 0.08009 -0.98985 -0.11743 0 7859.5 -1055.3 5722.4 1
355 -0.97644 -0.052504 -0.20931 0 0.20075 0.13481 -0.97032 0 0.079163 -0.98948 -0.12109 0 7878.1 -1052 5728.2 1
356 -0.97749 -0.054848 -0.20373 0 0.19488 0.13527 -0.97146 0 0.08084 -0.98929 -0.12153 0 7897.4 -1050.3 5733.8 1
357 -0.97818 -0.058259 -0.19944 0 0.19038 0.13317 -0.97264 0 0.083225 -0.98938 -0.11917 0 7917.6 -1049.3 5740 1
